41 34
-500 724 358 -464 -145 -827 -491 -942 -436 604 153 -382 716 -895 -726 -538 -912 -299 -894 811 -333 -664 -711 -868 644 -757 -859 -741 778 35 842 106 942 648 805 729 350 -101 -548 623 954 
40 31
308 439 -323 538 -82 -541 -115 658 -930 -306 -386 745 72 -829 -573 512 -290 -636 -767 -574 52 -150 724 -430 -191 -337 -287 -383 -909 -758 588 946 -30 168 591 655 359 537 -483 41 
50 36
374 -596 -348 668 281 -53 418 900 -127 -728 -648 -807 -310 813 309 -935 -600 519 -798 224 -844 989 -195 -93 -523 -314 448 458 580 -798 589 -9 472 538 -38 -190 -958 815 -156 202 -272 328 362 -875 869 844 881 -322 -21 557 
92 89
75 600 -3 861 -401 -255 -2 -182 88 -617 832 169 -721 -976 368 -425 -434 441 145 -718 -139 279 -687 -549 -866 -193 297 -286 488 455 -114 -316 -786 -313 -185 912 -832 313 321 646 481 196 -129 535 173 -44 -292 253 154 -745 -186 474 168 -787 -958 -202 477 314 334 -372 833 -487 -518 773 763 -192 102 -213 -802 -527 543 23 -61 3 -505 -725 492 222 64 187 413 270 -235 711 -896 285 140 695 -19 576 658 371 
78 51
484 -464 152 87 926 757 315 -227 758 109 -86 -487 -474 -627 -928 520 -962 -596 -261 525 260 116 -326 -771 -547 520 924 763 851 829 713 -578 -7 200 -439 -760 -324 -108 -887 850 -428 -384 -540 -704 356 -350 485 216 357 -357 -271 361 -22 -112 -696 -41 -129 -565 932 -855 962 734 -972 369 -963 -483 -635 -848 -938 142 -511 -175 -825 870 -934 783 -398 -701 
34 34
-556 -176 962 881 -413 -855 142 -611 424 -752 -296 -40 875 818 17 -112 -169 40 685 -497 -990 353 651 44 -335 -192 -264 -503 775 -292 549 -561 -467 129 
13 1
-77 -683 992 601 759 -428 -84 786 -970 847 -503 663 363 
71 40
164 -619 591 818 -750 -975 303 -98 584 971 -913 545 546 769 -519 289 865 245 318 -601 132 -152 -570 -901 -423 -600 -15 -28 347 -943 -409 -49 588 608 221 954 146 -949 430 -748 -536 35 185 -853 224 -923 257 -944 318 -411 -355 549 -584 964 -75 142 948 426 -173 -404 626 -375 565 -736 814 256 936 -482 -15 -230 -625 
37 34
-893 416 8 233 303 303 148 -317 109 200 318 -50 361 903 -643 -902 489 -282 674 -402 -831 -878 -8 -971 -945 504 -685 -698 722 37 461 -508 -959 -515 -937 58 971 
17 15
-555 -330 212 82 85 484 -380 -951 -115 110 73 977 -956 113 941 -723 28 
78 0
-71 -974 -333 -153 -168 -676 650 -309 686 -116 667 679 -421 826 516 -666 681 340 21 721 -309 -902 -124 745 -423 806 318 -907 481 136 -114 84 -290 996 -54 708 491 131 439 722 995 -269 -238 918 659 486 -462 158 146 -37 647 -602 98 292 -278 352 882 -315 -762 -336 -418 -828 816 -449 -658 520 -560 -162 675 361 398 714 -188 -638 -75 -521 615 234 
5 5
337 -337 664 608 -281 
52 52
194 826 -572 640 -819 -611 -289 -565 585 -450 609 -166 -74 -300 -573 161 968 31 426 422 779 552 -391 764 364 255 474 821 -547 -789 195 -950 -754 12 439 912 967 415 -223 434 -486 -958 806 -700 -692 532 -974 -21 -222 -376 -948 982 
76 20
111 856 925 -486 -969 -534 668 991 783 727 -871 -612 27 545 185 -237 -313 850 111 149 -454 -681 -267 793 472 -830 -442 877 702 381 -823 -23 -595 327 310 58 487 -528 -258 -860 286 610 128 841 -503 865 -881 750 598 -661 -756 -278 -435 75 -386 360 48 -492 840 735 -599 892 328 369 794 -252 -432 208 -497 -649 -841 100 -648 851 -633 200 
90 19
780 931 -340 -899 483 -492 -252 560 -840 -785 -540 791 -210 -578 -971 -73 -620 826 790 -578 -418 -159 924 380 967 -477 -370 196 -722 -19 56 -163 716 -452 -954 862 -460 -904 136 198 387 -240 6 241 -249 -758 -621 296 678 579 577 -7 -81 678 -753 -784 93 -172 929 -168 -191 922 651 144 -577 629 -874 469 -146 -91 -949 640 -236 487 -162 183 -180 -65 -513 578 878 -611 445 -975 -750 -333 214 7 -896 522 
10 5
-479 -538 447 646 -759 422 -486 28 -860 777 
3 1
-961 -855 -716 
61 45
473 -550 -181 699 -643 -172 981 -476 247 -671 372 989 -165 -658 206 948 171 -396 20 529 109 969 -617 626 168 -928 118 -199 -486 420 -271 -415 318 -331 387 -186 -360 -74 -152 -268 -885 311 677 768 413 -542 38 -355 -647 93 -987 -493 501 -447 753 -84 -525 -964 872 -656 593 
80 68
-411 -968 -216 768 -531 -779 -259 -936 365 -720 680 -455 71 559 602 905 375 885 80 797 508 340 -58 740 -474 97 335 -400 955 141 481 315 -225 12 455 43 21 512 18 717 650 -335 -169 303 -979 -105 -661 -652 -33 987 -253 420 718 -63 652 769 -5 -594 326 323 679 588 -271 221 -183 955 779 -262 487 33 -935 993 -962 -1 -807 669 -671 -998 597 838 
72 63
28 -801 490 -601 197 -771 -301 -721 -421 -610 741 -812 -15 393 279 608 -822 245 144 339 -604 225 -724 -330 223 130 -987 805 -750 -338 -135 209 224 737 920 -293 -734 56 -184 -382 741 -684 -279 667 125 737 -119 -737 -556 -60 793 136 -875 184 719 -476 -351 290 -72 -189 -490 -893 -63 -903 -176 -695 468 -83 -515 993 722 -828 
99 78
-891 943 -243 -702 -502 687 -891 413 816 -162 126 877 -260 705 663 195 360 -588 -245 -425 189 -63 -502 -99 -226 -48 570 -458 -456 531 -819 -556 495 -591 -388 -450 -272 -383 775 569 954 -585 -333 -490 -750 -722 611 -338 -258 352 479 683 2 -422 135 361 -194 188 -42 -941 -469 -380 964 -61 73 -462 -102 -154 552 149 244 49 -65 -552 -470 -747 869 -498 -352 -53 522 563 850 -240 -492 -580 616 178 615 -798 -635 883 902 420 -22 841 -888 717 -698 
49 32
-619 3 -28 589 630 -864 295 681 -610 71 -459 -840 -37 630 993 -203 290 -307 -151 -890 -640 -566 -661 245 -651 601 -209 283 -58 -175 -787 -287 -504 138 -530 -118 540 459 398 -98 481 -567 -596 746 670 -476 -917 760 -758 
55 26
401 -759 -548 -792 -933 103 211 -668 -498 -248 -647 -931 875 449 -599 -443 -154 -434 967 393 -866 -308 684 667 469 811 -90 743 599 195 -158 -858 -889 40 -364 -26 503 412 570 -395 -986 -109 -83 390 -686 381 -502 862 565 -832 428 889 -883 265 45 
21 20
-927 -134 675 -334 737 974 -356 -80 145 825 573 37 905 717 -539 -946 -231 839 -829 -394 645 
75 62
-72 480 897 -608 -277 -134 78 169 -478 -138 -426 -677 -724 -700 862 -448 684 -137 993 -944 821 643 -677 -857 891 -623 -72 -841 615 -957 700 -93 829 227 224 -274 885 170 629 909 -923 400 -193 -412 -767 677 704 -834 -621 734 542 86 621 597 -254 -108 493 366 438 819 290 339 808 478 -787 74 827 -988 798 -2 104 -56 833 -761 686 
85 42
842 161 343 -187 -63 -934 -656 -12 -959 738 -124 7 -951 489 441 13 855 93 402 -543 -266 275 -532 -469 -729 -892 953 -570 -472 -494 -440 -262 607 -360 171 947 -523 489 887 632 739 -522 -160 -705 259 -687 -42 45 388 154 833 -919 -738 776 314 -53 469 722 -7 -260 793 -717 376 -626 334 171 964 -866 -664 0 -100 -476 -943 -789 385 434 -561 504 888 157 123 74 -837 -318 -292 
32 23
-461 461 -498 291 -179 317 -595 -936 -28 -909 -981 569 -883 385 -230 -681 310 -687 -477 764 -671 115 -311 -405 171 740 675 -790 998 -604 631 388 
18 9
-119 716 -396 458 593 849 272 294 333 -229 -428 -241 688 -33 -270 261 208 162 
78 38
-469 -540 -266 -509 317 -53 -258 -843 -466 140 937 -512 -551 817 -292 -530 296 389 809 744 -182 -120 292 -214 807 -705 -11 693 -203 -762 -946 48 -624 -954 -127 240 -127 817 142 400 476 935 -831 -537 -922 -29 211 -880 -293 785 443 -555 270 -375 640 40 834 -539 796 262 -731 -464 248 170 -182 -293 332 -331 4 26 -738 -623 441 695 -659 -628 88 -613 
69 66
-679 837 115 723 -448 153 -395 508 -411 -665 202 828 -705 -23 -715 805 -478 -840 285 968 -633 -348 32 910 -982 -306 -860 -527 343 -233 -171 -942 879 -512 -530 234 926 -191 -188 719 -224 435 94 -867 5 -686 -540 -850 578 -677 42 -811 -143 -16 804 -368 335 -325 23 -618 -396 86 -846 -522 -280 -358 870 -873 413 
96 72
-450 641 -525 -824 -695 -594 -67 -640 -41 534 -0 621 -293 -717 -943 -639 925 978 850 444 -623 -36 346 61 -238 -886 299 -728 -751 991 717 -93 421 -867 -444 201 942 768 641 262 244 -625 584 -984 149 -695 -32 537 -363 219 -917 918 252 269 -137 424 27 993 -271 -893 14 -484 -495 293 798 299 493 549 -314 69 -865 -238 -252 -508 -88 231 -106 -368 -258 647 238 723 -706 -156 -351 118 97 591 -510 651 -844 -741 -578 705 -785 624 
56 17
-227 102 468 -979 489 -490 410 89 950 -122 672 -277 976 85 -751 -751 -435 72 716 -511 838 939 56 902 -588 586 777 -979 549 245 62 -719 -91 -785 406 -954 709 -421 465 -860 335 -677 5 -388 -143 -130 555 253 -754 -488 8 -940 -997 454 -237 499 
13 12
-682 -351 -137 600 -683 968 968 641 437 -499 -869 256 -640 
12 10
-820 -663 -897 774 -553 878 624 -75 712 624 504 -55 
62 60
-122 397 -750 917 -931 505 -357 290 -985 84 725 855 338 -428 -742 -506 -53 505 609 -854 239 209 -499 -36 647 -13 712 -909 130 -34 -286 666 -736 -416 -949 -844 285 -590 325 668 729 -541 536 716 -384 328 204 523 411 250 483 141 845 88 107 857 199 -155 990 858 917 -967 
34 2
239 95 314 -586 776 -879 812 -164 570 312 561 -200 -856 -647 808 -452 -618 7 -547 -675 -709 -642 -336 501 129 -436 897 798 105 -32 -516 -579 -727 313 
40 16
-488 -589 -259 -271 364 12 -759 -574 59 -649 -522 -416 -52 891 -310 -55 224 -439 648 834 441 668 -176 -633 745 15 252 956 -966 144 334 -876 205 -291 -465 -471 -700 -16 624 -505 
2 1
-326 -184 
50 5
-346 970 -795 323 856 210 692 -290 852 315 361 -984 534 82 936 -790 182 116 -425 610 -982 193 -754 895 -638 -420 -883 -696 390 -189 -183 -129 -679 600 -145 151 -963 907 -476 -211 264 531 698 -155 257 464 510 65 165 -540 
42 15
200 106 -696 -611 -415 175 -448 79 321 -597 509 71 -122 -997 899 320 984 -915 -485 -199 208 -169 879 -207 -706 75 -124 774 128 -145 -714 168 -307 -504 -697 -955 -343 -97 -736 633 930 -904 
88 70
754 -176 415 231 975 514 657 -438 447 618 -631 -219 -990 -672 302 -928 -898 945 222 -794 -844 547 485 -723 653 -130 466 512 -318 142 506 -684 270 -250 311 195 -520 183 892 -784 187 343 -859 16 -832 683 15 516 -39 -205 -146 -675 387 30 -735 373 -73 -786 785 -345 -85 -935 883 96 85 521 982 -688 236 65 198 -386 -976 121 245 -564 -572 370 -654 80 391 -510 -867 675 -499 790 256 703 
67 15
-542 566 -186 198 -364 665 340 814 12 338 525 -249 -79 -838 -421 -991 839 565 -473 -970 53 -508 429 -689 -771 -259 572 966 170 -199 850 936 -406 -313 -371 -73 173 -102 -417 153 -595 213 -370 305 -833 -852 519 -793 -465 -444 -271 -99 -596 552 -753 -590 357 -809 -686 -259 435 101 869 731 -74 843 316 
11 3
232 590 -408 702 -818 561 28 713 92 467 358 
87 83
364 714 -390 -255 467 -231 880 128 -720 91 587 -126 159 -220 314 147 134 751 478 589 976 -90 -372 301 -844 -539 -827 186 -827 -623 -514 644 669 676 952 -137 988 288 -74 915 656 616 129 984 49 26 -202 -416 -552 -755 844 443 999 -121 -413 -793 -60 -74 501 -208 26 291 929 -977 8 922 137 803 -912 -253 299 902 369 729 438 -226 134 -348 -503 -518 -437 -179 -144 -961 576 645 972 
96 11
-535 229 532 -158 620 724 526 -983 -574 588 664 -877 942 623 -625 842 -149 590 -328 -804 -909 779 83 532 -99 -47 -290 959 139 -580 778 456 -444 125 698 -180 64 -472 593 5 -333 587 -638 64 399 508 438 -638 -59 744 -769 -518 -558 -61 190 -226 4 -768 347 566 665 -0 173 -668 579 728 -158 267 734 169 -570 235 711 750 -545 -754 -217 942 -273 -579 -388 886 809 -321 881 -20 -454 -984 999 829 -457 365 49 592 -119 -313 
17 5
-153 562 854 134 -50 945 -747 61 259 -885 -718 268 50 799 735 792 -182 
16 6
295 403 -718 285 678 -101 -364 -626 -737 -938 -96 493 -873 109 -381 739 
23 6
-850 -40 223 -467 400 606 463 366 -685 229 356 175 683 619 -190 -469 -341 545 158 -794 -341 900 675 
38 13
-284 -727 426 -536 -370 -348 -199 -573 -351 -617 571 -529 44 467 528 -634 757 -581 -941 -749 -299 -99 245 201 -83 735 -895 -170 717 752 773 255 -70 30 765 980 358 -8 
67 17
928 99 870 412 -64 84 911 868 826 366 988 865 947 659 771 -110 666 -670 925 874 -43 -536 16 -934 -61 815 -582 82 -900 337 300 -864 -695 -629 788 744 -75 490 -819 195 -807 374 156 432 -222 -553 -955 -625 -128 527 490 -54 192 618 56 -282 -439 -493 -269 -33 -592 26 80 -961 907 245 121 
82 6
491 -615 -143 771 -935 -412 -467 952 828 429 -699 151 41 383 144 -77 202 -202 249 575 -638 -395 205 -123 41 -530 -820 -43 674 -100 -775 430 622 -890 452 -782 -188 -960 923 -659 -943 -584 668 198 -479 813 447 271 344 448 -353 -888 -825 -190 46 775 -78 -103 377 48 494 729 -38 672 -862 667 -465 259 389 -419 140 -632 -822 161 141 432 361 -313 645 810 -970 596 
14 10
269 -235 344 -382 -395 -666 710 -372 906 452 905 -21 575 -525 
67 50
679 274 -629 -460 511 824 16 -801 -309 67 225 140 -655 -449 760 -836 -270 -725 -809 631 -807 -301 969 -164 124 -770 997 -511 265 -379 -28 -432 -160 -666 48 404 -565 -133 241 147 954 454 721 688 116 -180 -537 -389 -4 384 987 52 528 -472 -958 -983 -823 96 -901 -520 472 -932 -824 -57 732 167 690 
26 3
-449 3 -240 -610 -282 -187 -961 -599 -318 -558 358 178 457 221 -756 260 343 -841 352 -411 -793 -881 760 271 694 535 
55 55
323 -688 -10 932 -210 419 -189 -851 -223 649 407 -884 -812 304 -162 -551 -732 -938 228 526 745 -205 257 -401 727 -353 -542 149 255 -748 -815 -73 -749 -169 -970 768 178 -981 -586 731 859 89 238 972 -656 -147 511 -819 -205 -788 -45 492 -76 -403 899 
67 12
-114 -793 854 -831 -326 -299 674 -612 -957 491 -829 361 496 -183 554 -102 476 -81 623 343 369 -989 -599 179 -652 350 -945 -871 590 -177 319 528 722 785 -184 -884 -915 681 759 546 -427 -421 818 -350 461 458 -371 502 420 953 -586 735 -113 592 265 -336 746 512 -815 -726 773 -80 -990 -214 857 849 285 
2 0
-343 481 
91 45
984 -85 399 -386 -650 185 608 -499 -896 331 502 537 77 851 -463 -505 267 -655 695 872 670 -121 -523 365 -135 -599 192 -124 -66 722 -818 692 361 728 -149 826 -278 -338 -944 -139 340 -966 -148 -951 551 -557 -9 576 23 -454 -906 999 -930 658 -884 31 -783 422 987 568 -579 -709 -141 -477 272 -435 -517 -743 265 -891 538 776 -991 409 197 128 759 -440 494 620 146 -486 943 -474 -788 827 -504 -246 285 350 -673 
12 9
-987 245 -639 -248 207 -954 -940 718 -377 -472 885 -720 
2 1
676 -73 
97 95
-125 -62 560 -73 709 224 -682 -815 446 568 361 286 -89 -604 594 598 533 -184 964 14 -996 148 -396 791 589 355 -251 -271 -228 -454 430 -991 853 567 877 197 -773 862 429 -539 -841 520 -47 382 989 403 462 -392 -63 611 -692 -270 849 -576 486 603 498 878 -723 -411 -117 227 290 -801 544 12 433 -401 135 -633 -134 671 -263 540 282 366 227 71 -305 434 -555 299 -75 439 488 673 358 487 -713 452 978 704 -649 -837 459 -955 -526 
66 14
155 446 -635 936 238 403 -599 925 324 -863 -276 -334 -426 244 -761 -175 -696 471 713 30 109 59 -546 103 -391 -196 -950 435 -667 -165 -973 -516 515 243 -497 91 -563 7 -121 658 -275 -576 -919 611 -209 263 514 783 -988 705 940 391 -985 320 997 703 -562 554 302 629 -26 528 -679 -199 442 16 
98 58
-730 551 -444 -485 -572 858 129 860 627 422 473 333 -51 -534 -322 202 -580 -388 885 -610 274 99 -55 65 572 726 -523 587 997 175 -678 893 -406 -489 -521 964 -113 710 763 -188 -264 754 316 -586 524 302 659 -682 574 566 754 850 226 -602 -901 -749 -102 -881 710 489 -184 106 -987 490 -518 -353 662 -213 115 -785 564 -837 -784 -972 544 257 -129 -340 -901 -876 500 -613 -311 -332 -814 216 -834 252 -141 450 -569 -562 -111 -11 321 -345 -850 664 
44 33
736 -25 -953 -6 -129 -70 -228 59 715 178 384 383 -737 30 315 -21 752 446 -4 825 549 529 9 -429 133 746 -283 439 -835 -570 629 -521 -189 -444 -705 713 -999 615 -58 383 -943 -831 -251 290 
95 20
61 -767 -34 -191 -378 879 -615 -72 952 823 537 -610 -978 -161 718 -183 -695 72 703 -845 50 142 -155 -768 301 847 -187 309 -633 -140 724 200 -31 217 -584 344 19 -367 -174 -30 716 699 -685 321 541 -573 -452 229 -159 -665 950 -591 -213 986 190 906 -622 666 -991 -566 279 -867 103 -20 -534 -833 -287 827 624 918 -244 -86 -508 597 -121 -907 -22 991 -251 965 -980 -465 300 -235 612 -876 289 199 461 131 700 80 -545 -168 762 
33 0
560 -141 -336 -833 827 -28 984 -168 -397 406 463 -690 -344 -643 -464 558 911 -947 -129 -80 764 -76 118 847 -547 -832 -837 -896 -324 -653 841 -729 565 
32 19
-296 778 -241 6 -670 205 -78 -984 139 973 815 -41 -63 -66 583 565 -982 235 812 802 513 497 -215 -907 418 424 -183 -328 -483 537 -349 -883 
47 13
786 409 500 -839 668 485 -22 -735 -827 61 135 -479 -906 -245 -836 -939 -101 -195 -84 355 133 -800 688 -875 304 -843 -857 -875 190 -798 -346 -80 -981 719 -425 770 -510 -232 618 237 -709 544 -541 -344 141 696 683 
40 31
570 -535 -445 414 917 318 413 461 -635 -645 -818 -333 246 788 -8 -835 -675 50 254 390 -979 -754 22 -267 410 552 -977 -370 -267 617 -65 -655 -914 137 549 -882 -592 930 520 688 
34 33
-603 122 -760 930 423 486 -638 565 -362 -378 -851 315 -168 -98 -531 339 830 781 118 700 606 -790 399 485 455 444 -800 -518 947 299 -684 132 888 -297 
40 22
545 727 -82 99 730 -304 -805 -82 767 -676 -556 -116 286 -433 672 -298 -937 809 -586 -441 323 -491 -99 823 671 993 653 -266 113 745 488 -377 83 805 646 -441 -98 66 -391 -465 
6 0
701 -561 -992 948 -613 -639 
61 51
-410 -576 222 224 -849 -912 -714 808 981 -298 -145 -466 448 531 695 -450 -951 -598 -675 -584 -100 -567 -9 -231 898 -387 -262 -729 -324 966 927 849 -542 -396 411 -48 833 688 668 425 -844 -960 -922 700 -630 -430 720 527 405 425 612 -192 -938 866 171 -964 26 -935 251 76 -159 
96 27
-807 27 -805 837 -583 -137 -341 -621 278 -434 -229 930 730 -632 670 63 815 509 -741 408 -748 -778 -171 401 -172 -731 -670 184 727 688 -197 895 951 -373 -719 915 883 -859 -596 583 159 -61 603 938 193 876 -738 780 -78 -868 673 757 -419 -901 216 -239 125 -178 716 287 738 605 -799 -407 413 -785 -348 799 606 -735 671 599 847 914 507 327 -320 -898 386 -552 524 -693 688 296 346 -737 -568 -825 -221 -643 -670 -546 252 -20 -476 -525 
99 16
774 677 736 -896 132 788 4 -727 519 -174 -361 -966 313 780 -728 -713 223 731 -231 632 382 644 -457 -268 773 419 -883 782 -436 52 -24 296 773 -305 -358 281 570 -253 359 797 -718 -381 -152 371 586 -242 -509 662 242 592 -620 229 781 -706 -350 -458 -905 468 601 -294 -45 -39 600 -444 525 217 449 -674 -185 -58 230 -211 270 591 661 696 100 -171 248 698 758 145 438 -473 -493 -404 -32 -904 221 168 -620 838 -119 566 262 -831 694 11 -642 
34 30
-503 -606 -297 -102 -63 -317 -151 538 -454 12 -922 -174 808 -851 623 211 -589 -15 -728 -921 -863 -488 714 475 -831 -619 647 406 -752 561 -380 -550 738 -951 
40 25
482 653 -430 606 -787 327 -622 407 -714 949 -810 935 785 -913 -476 177 -922 529 -627 900 975 -757 96 -92 -251 -730 547 255 535 146 -36 -505 278 281 299 -592 808 -41 576 657 
46 32
-263 -831 -679 -100 909 654 -597 979 139 81 -792 -697 813 -929 351 194 -988 -971 -980 -966 -756 466 -359 184 94 866 -266 -913 286 -166 122 -883 966 946 708 670 -266 -378 38 -359 978 -921 -890 -444 507 523 
47 25
262 969 -1 305 -287 979 -478 209 906 643 -442 983 -817 -709 -497 742 367 -103 755 -856 -262 -650 -65 -127 -427 -276 675 -781 -815 760 -581 533 -784 444 374 535 -935 -786 320 -944 912 -496 706 -216 -133 -976 665 
98 18
-619 -24 850 -495 75 -787 -762 508 682 495 935 -559 138 373 -60 93 406 268 -65 -127 114 -750 -728 977 25 -465 -953 -626 -165 127 431 -183 -723 63 249 440 -291 698 -978 825 269 -223 -402 -82 -55 -807 -330 111 -344 -689 756 217 48 280 88 67 -173 48 -576 -598 -616 980 -661 -933 85 -891 288 -786 -559 910 -290 264 74 148 892 -158 159 -839 448 250 196 108 -437 -323 -41 630 -400 54 204 -124 -581 -827 -502 -38 -834 205 732 636 
17 10
990 -775 -69 -139 -306 -173 573 -827 -336 102 7 764 8 8 -157 831 696 
67 14
-190 -605 -383 439 -942 -440 540 -443 153 -610 -709 471 332 -420 881 -588 -252 -865 -430 102 -788 72 -219 993 756 -693 -32 -873 933 856 25 0 -22 -53 -895 -508 634 123 982 375 439 565 -168 469 -113 340 633 321 -677 -906 249 -56 -566 -57 -461 660 163 -378 334 499 -199 -366 232 -78 800 993 -757 
58 17
65 820 204 197 643 978 -624 473 678 719 188 321 223 186 766 268 876 -946 753 -838 -322 -911 -387 237 578 864 -694 365 -184 -106 0 389 -411 -807 227 -943 -112 -677 -206 435 959 811 90 -597 -107 -415 94 355 -934 611 403 -200 -660 -723 -32 787 -739 137 
63 1
-203 830 99 103 117 868 692 106 848 -567 -407 -471 30 845 759 42 277 -633 278 311 17 -869 848 -760 863 490 526 -610 -339 162 -220 -815 372 -390 555 77 -275 976 -48 -190 -367 -323 3 86 -452 -541 -201 304 -391 -260 -826 -690 -707 -847 883 -428 48 -640 709 -565 -887 976 -653 
29 9
343 -771 -778 188 2 -968 666 -418 -1 619 613 389 -804 -219 -88 295 643 -747 124 -525 792 -197 805 856 -730 -34 171 -656 -236 
24 2
-652 -580 380 -599 867 -812 -684 658 887 -77 959 630 140 391 276 94 -437 -385 927 196 368 -975 -183 148 
33 27
-773 -207 -552 460 -171 -720 -88 -375 612 649 -628 -583 -127 -0 990 -638 793 -373 908 -300 -827 872 289 693 999 366 -642 -567 854 992 226 45 -548 
44 18
-98 594 67 -991 268 512 812 -677 617 47 -340 -484 814 500 -682 -370 -498 -864 23 -764 467 -919 -297 665 -888 813 -244 850 605 -428 420 32 -387 -464 -380 -702 653 227 954 866 -147 -137 312 -320 
55 17
-741 648 -667 -146 -594 75 729 508 -494 506 955 444 -778 31 -303 -528 589 849 -788 -400 -514 -44 375 106 397 -159 415 822 873 396 -105 -387 -141 -388 277 752 -682 -585 -584 -868 -999 522 -712 631 -454 -490 -458 727 -964 -905 -207 -396 -341 634 426 
11 11
800 -985 362 922 -401 -12 -919 148 -405 90 281 
95 38
411 -647 371 -100 -717 -539 -423 -409 -2 -585 807 535 -812 -984 -95 449 -755 741 -609 827 -248 -343 -751 96 979 -306 -301 -781 469 277 -541 435 -799 380 584 113 -593 -671 -252 -399 100 600 192 -164 281 -809 722 89 -704 940 -65 612 -826 625 156 646 -614 796 -65 -181 256 716 -998 499 733 -629 916 661 -424 -447 -719 -382 -105 749 991 -545 -345 270 -986 202 95 255 -720 813 -278 903 686 -365 868 218 -604 -879 -372 -807 -326 
80 57
869 458 622 835 914 -899 -592 -340 -536 493 21 94 -802 -496 -217 403 -776 711 254 -942 500 -866 534 500 -916 -693 -924 -248 -275 -103 -116 -285 -712 -84 807 104 -381 372 -560 -715 -993 -842 249 148 70 -693 -967 460 -444 714 -961 -200 -772 817 813 -379 -86 724 -187 -282 -340 -235 -273 6 -917 338 -957 94 -531 -665 -390 -27 460 -491 491 890 413 223 -562 -221 
46 1
-523 98 687 212 482 714 19 127 401 892 24 755 619 -384 -756 -668 -410 -508 915 354 -234 -410 74 -984 948 -424 781 293 -20 -455 978 -7 699 -68 524 -587 -118 602 -42 -942 188 -838 933 831 -596 -609 
17 6
-321 225 -409 -881 -107 913 685 -393 794 8 727 707 942 650 -819 -483 -573 
44 44
491 -752 224 -463 -901 955 596 -251 10 -153 -891 -252 -726 -134 -130 -667 -17 -11 908 50 -215 -670 -711 -680 -569 535 92 49 594 444 -259 -956 891 -605 757 28 -920 129 -89 -864 -472 -408 663 -818 
77 20
678 -464 803 -626 991 492 -30 -375 -493 -162 537 888 -363 -636 -519 -106 750 640 -353 45 -126 296 880 -484 -194 59 -556 296 729 42 -536 -94 306 379 -635 -516 -173 -978 -681 -232 632 531 -361 -953 -35 -537 533 396 -35 -434 -804 952 -331 -808 -731 146 -942 -330 47 -426 614 -705 -365 44 57 716 131 -344 -535 -988 140 -834 765 833 -528 363 5 
31 10
-705 918 -996 833 -703 -460 690 646 445 145 13 110 -906 -956 479 254 113 443 -515 -90 -569 148 204 836 -230 309 30 -932 -102 406 -579 
10 3
-770 739 837 456 366 658 420 25 -309 -842 
87 9
-389 -721 377 438 -662 177 -419 302 521 407 144 -415 521 -651 -475 -858 -946 407 -925 860 -390 656 672 -156 -500 -203 -508 -289 -580 -550 -502 -994 621 803 828 12 935 833 2 48 -913 210 -64 771 12 -789 -769 588 -774 838 198 -753 864 -809 -905 418 728 -827 -955 -540 -680 257 -726 -359 981 383 -979 889 -265 -794 -13 -961 -361 -95 156 605 56 -250 -420 516 -34 -647 -947 92 -834 172 -23 
66 61
-981 -461 245 -229 900 703 -731 523 710 13 -479 -220 555 431 -997 -8 202 -245 -629 933 884 -729 -603 403 695 42 245 -222 -860 -770 -297 24 321 -713 -316 796 664 -543 -580 436 -662 -166 55 -772 861 -493 649 237 -619 463 610 -619 880 -306 806 -696 -500 -456 -11 102 -423 313 79 0 -358 -807 
